1.02E-04,6.39E-05,0.00E+00,-2.35E-05,-1.39E-05,0.00E+00,-8.48E-06,-8.54E-06,0.00E+00
6.39E-05,5.93E-05,0.00E+00,-1.82E-05,-1.57E-05,0.00E+00,8.54E-06,3.13E-06,0.00E+00
0.00E+00,0.00E+00,4.55E-09,0.00E+00,0.00E+00,-5.01E-09,0.00E+00,0.00E+00,1.61E-08
-2.35E-05,-1.82E-05,0.00E+00,1.18E-05,-3.85E-11,0.00E+00,-2.35E-05,1.82E-05,0.00E+00
-1.39E-05,-1.57E-05,0.00E+00,-3.85E-11,7.86E-06,0.00E+00,1.39E-05,-1.57E-05,0.00E+00
0.00E+00,0.00E+00,-5.01E-09,0.00E+00,0.00E+00,2.16E-09,0.00E+00,0.00E+00,-5.01E-09
-8.48E-06,8.54E-06,0.00E+00,-2.35E-05,1.39E-05,0.00E+00,1.02E-04,-6.39E-05,0.00E+00
-8.54E-06,3.13E-06,0.00E+00,1.82E-05,-1.57E-05,0.00E+00,-6.39E-05,5.93E-05,0.00E+00
0.00E+00,0.00E+00,1.61E-08,0.00E+00,0.00E+00,-5.01E-09,0.00E+00,0.00E+00,4.55E-09